---
version:
  config: 1498367394
  puppet: 4.10.1
resources:
  changed: 0
  corrective_change: 0
  failed: 0
  failed_to_restart: 0
  out_of_sync: 0
  restarted: 0
  scheduled: 0
  skipped: 0
  total: 15
time:
  concat_file: 0.000379
  concat_fragment: 0.0009750000000000001
  config_retrieval: 0.424806
  file: 0.001187
  filebucket: 0.000203
  schedule: 0.000768
  total: 0.42831800000000003
  last_run: 1498367394
changes:
  total: 0
events:
  failure: 0
  success: 0
  total: 0
